alpha=0.500000
beta=0.100000
ntopics=5
ndocs=16
nwords=3573
liter=1000
