0.068622 0.256155 0.000524 0.637507 0.037192 
0.294980 0.001692 0.001692 0.679639 0.021997 
0.358868 0.005828 0.014155 0.620316 0.000833 
0.263445 0.031995 0.000681 0.680054 0.023826 
0.047836 0.002278 0.005315 0.706910 0.237661 
0.001396 0.011940 0.461312 0.518065 0.007288 
0.016008 0.440706 0.006861 0.524338 0.012088 
0.003243 0.507027 0.002523 0.483243 0.003964 
0.001170 0.499649 0.000234 0.497309 0.001638 
0.229381 0.287270 0.006536 0.475257 0.001556 
0.014553 0.006237 0.002079 0.671518 0.305613 
0.078224 0.002114 0.002114 0.654686 0.262861 
0.009135 0.000537 0.252015 0.634605 0.103708 
0.038208 0.002196 0.000439 0.637242 0.321915 
0.035800 0.000477 0.006205 0.621002 0.336516 
0.047619 0.004874 0.000375 0.666292 0.280840 
