0.160199 0.036816 0.038806 0.052736 0.711443 
0.193890 0.191539 0.440658 0.163337 0.010576 
0.200000 0.058268 0.508661 0.026772 0.206299 
0.065734 0.009790 0.202797 0.717483 0.004196 
0.608011 0.024320 0.184549 0.155937 0.027182 
0.216807 0.676639 0.047395 0.033277 0.025882 
0.114704 0.022325 0.046959 0.185527 0.630485 
0.048007 0.043124 0.013832 0.085435 0.809601 
0.025722 0.007874 0.000525 0.935958 0.029921 
0.003579 0.043665 0.712241 0.216893 0.023622 
0.565698 0.012448 0.009682 0.341632 0.070539 
0.531915 0.018440 0.299291 0.058156 0.092199 
0.303660 0.641939 0.010880 0.038576 0.004946 
0.789184 0.011916 0.153071 0.032081 0.013749 
0.696275 0.042980 0.109838 0.098376 0.052531 
0.677075 0.009901 0.183549 0.026657 0.102818 
