alpha=0.500000
beta=0.100000
ntopics=1
ndocs=16
nwords=3410
liter=3000
