alpha=0.500000
beta=0.100000
ntopics=1
ndocs=12
nwords=1738
liter=3000
