alpha=0.500000
beta=0.100000
ntopics=5
ndocs=11
nwords=2014
liter=3000
