alpha=0.500000
beta=0.100000
ntopics=1
ndocs=7
nwords=1017
liter=3000
