alpha=0.500000
beta=0.100000
ntopics=5
ndocs=7
nwords=1129
liter=1000
