alpha=0.500000
beta=0.100000
ntopics=5
ndocs=8
nwords=1677
liter=1000
