alpha=0.500000
beta=0.100000
ntopics=1
ndocs=11
nwords=1333
liter=3000
