alpha=0.500000
beta=0.100000
ntopics=1
ndocs=10
nwords=2284
liter=3000
