0.000624 0.413600 0.584529 0.000624 0.000624 
0.000989 0.000989 0.566766 0.000989 0.430267 
0.002715 0.017195 0.545701 0.000905 0.433484 
0.015830 0.061058 0.546811 0.277250 0.099050 
0.030550 0.050916 0.576375 0.270876 0.071283 
0.070100 0.001431 0.530758 0.373391 0.024320 
0.056168 0.003675 0.543307 0.355381 0.041470 
0.001456 0.088792 0.461426 0.443959 0.004367 
0.004525 0.188537 0.538462 0.233786 0.034691 
0.000526 0.506575 0.489742 0.000526 0.002630 
0.055845 0.463887 0.465376 0.012658 0.002234 
0.440829 0.000241 0.505905 0.001205 0.051820 
