alpha=0.500000
beta=0.100000
ntopics=1
ndocs=8
nwords=1508
liter=3000
