alpha=0.500000
beta=0.100000
ntopics=5
ndocs=10
nwords=1258
liter=3000
